0.0148753
0.0255781
0.0238369
0.0160002
0.0120981
0.0156000
0.0170265
0.0209357
0.0182819
0.0045018
0.0134415
0.0253983
0.0160471
-0.0025894
-0.0124945
-0.0057524
0.0089023
0.0046518
0.0023541
0.0202055
0.0170968
0.0019815
0.0246214
0.0178197
-0.0112081
-0.0112012
0.0205197
0.0343668
0.0473433
0.0380675
0.0056234
0.0003032
0.0222940
0.0110525
0.0273600
-0.0060988
-0.0181339
0.0245073
0.0380970
0.0303820
0.0380560
0.0662682
0.0443048
-0.0099810
0.0094409
0.0190483
0.0213525
-0.0225243
-0.0021743
0.0278998
0.0255920
0.0376093
0.0352137
0.0542990
0.0671500
0.0082743
-0.0031301
0.0194465
0.0156792
-0.0245995
0.0164488
0.0285793
0.0328995
0.0505916
0.0486653
0.0407732
0.0719499
0.0229675
0.0076421
0.0218974
0.0161997
-0.0190579
0.0209692
0.0290177
0.0243891
0.0458435
0.0486418
0.0358150
0.0658980
0.0174174
0.0155144
0.0225179
0.0241138
-0.0094162
0.0070089
0.0357439
0.0211735
0.0261105
0.0307666
0.0453896
0.0521378
0.0085792
0.0218298
0.0209269
0.0282833
0.0053371
-0.0117748
0.0287795
0.0363174
0.0341390
0.0425285
0.0448678
0.0121567
0.0064601
0.0256482
0.0144385
0.0174676
0.0235201
-0.0028004
-0.0111092
0.0018498
0.0227074
0.0193852
0.0060158
-0.0040968
0.0166193
0.0215530
0.0065941
0.0061124
0.0205897
0.0241846
0.0077410
-0.0081494
-0.0079674
-0.0008331
0.0036165
0.0164093
0.0215250
0.0114409
0.0008514
0.0057383
0.0180845
0.0261384
0.0250278
0.0201849
0.0193765
0.0207839
0.0191174
0.0104079
0.0017473
