0.0039097
0.0115095
0.0134053
0.0116411
0.0114073
0.0113968
0.0129135
0.0164081
0.0118498
0.0026978
0.0029642
0.0121725
0.0107010
0.0042239
0.0024791
0.0138810
0.0160542
0.0024453
-0.0003708
0.0113793
0.0134457
0.0039699
0.0111610
0.0104235
0.0028539
-0.0003023
0.0147286
0.0296432
0.0394207
0.0234170
-0.0085487
-0.0064890
0.0149636
0.0124883
0.0135868
0.0025812
-0.0084886
0.0162397
0.0248287
0.0189541
0.0268347
0.0375692
0.0115772
-0.0175208
0.0038620
0.0186544
0.0106599
-0.0112523
-0.0011472
0.0209832
0.0121720
0.0005748
0.0076199
0.0194970
0.0399408
-0.0007735
-0.0046527
0.0184713
0.0058319
-0.0192995
0.0037463
0.0065598
0.0043374
0.0104404
0.0153255
0.0111567
0.0386453
0.0230752
-0.0012121
0.0165487
0.0076156
-0.0148314
0.0045329
0.0036645
0.0061636
0.0185662
0.0191369
0.0211810
0.0401001
0.0339843
0.0109450
0.0165724
0.0137729
-0.0045647
0.0016339
0.0155698
-0.0032808
0.0174114
0.0214364
0.0293815
0.0477957
0.0310462
0.0170097
0.0170537
0.0151922
0.0079895
-0.0012367
0.0194987
0.0279477
0.0259194
0.0278092
0.0378432
0.0348206
0.0163534
0.0174414
0.0151294
0.0128529
0.0137750
0.0035156
-0.0037860
0.0077151
0.0186045
0.0197644
0.0208697
0.0147014
0.0155151
0.0166092
0.0076417
0.0035280
0.0116466
0.0140919
0.0052302
-0.0069214
-0.0071740
0.0003937
0.0087640
0.0170704
0.0160550
0.0096941
-0.0000034
0.0018866
0.0094654
0.0134983
0.0116643
0.0089952
0.0110805
0.0164636
0.0150531
0.0081831
0.0006467
