0.0157063
0.0177629
0.0211393
0.0216036
0.0174352
0.0159664
0.0116797
0.0137300
0.0067388
-0.0032129
0.0147411
0.0250484
0.0292266
0.0142698
-0.0078908
-0.0130728
-0.0049719
-0.0006180
0.0111936
0.0212644
0.0093859
-0.0006092
0.0208526
0.0312313
0.0206566
-0.0077492
-0.0239126
0.0109207
0.0210150
0.0243235
0.0139550
0.0186781
0.0185041
0.0062555
0.0249096
0.0195979
0.0096545
0.0310124
0.0298853
0.0174567
0.0257026
0.0403266
0.0367024
0.0235338
0.0172476
0.0177117
0.0272608
0.0022458
0.0066213
0.0259844
0.0001704
0.0155453
0.0290276
0.0166702
0.0416495
0.0416527
0.0152064
0.0204633
0.0229305
-0.0146227
0.0024072
0.0189976
0.0060722
0.0157847
0.0262499
0.0331026
0.0437947
0.0463460
0.0127097
0.0158907
0.0208146
-0.0081656
0.0030612
0.0214868
0.0149807
0.0260153
0.0222928
0.0304718
0.0566857
0.0442390
0.0126963
0.0202954
0.0223598
0.0074986
-0.0027650
0.0346886
0.0281287
0.0194381
0.0267160
0.0489145
0.0464904
0.0121638
0.0100681
0.0229637
0.0148571
0.0230315
0.0087236
0.0142075
0.0318705
0.0422786
0.0543778
0.0448720
0.0131796
0.0001314
0.0211460
0.0222731
0.0051188
0.0197422
0.0241753
0.0151362
0.0159996
0.0227821
0.0262833
0.0130193
0.0054212
0.0190966
0.0278311
0.0147609
-0.0006913
0.0058465
0.0167665
0.0235155
0.0243238
0.0254883
0.0215576
0.0178900
0.0253220
0.0243830
0.0169569
0.0049994
-0.0013031
0.0027975
0.0093602
0.0170418
0.0222585
0.0220391
0.0215882
0.0199735
0.0114416
0.0049087
