0.0149626
0.0164477
0.0064352
0.0082940
0.0056268
0.0015550
0.0096945
0.0157317
0.0112556
0.0024008
0.0137504
0.0138874
-0.0000240
-0.0063095
0.0023211
0.0138234
-0.0049785
-0.0227468
-0.0051580
0.0155349
0.0097826
0.0010460
0.0151187
0.0014023
-0.0089741
0.0016110
0.0143978
0.0320747
0.0294019
-0.0067163
-0.0368870
-0.0044883
0.0166318
0.0074103
0.0079094
-0.0100133
0.0042452
0.0129110
0.0176133
0.0155868
0.0297455
0.0332277
-0.0116556
-0.0291812
0.0094765
0.0148521
-0.0019448
-0.0173470
0.0159043
0.0140532
0.0144228
0.0172596
0.0152437
0.0307831
0.0301189
-0.0248230
-0.0012568
0.0168517
-0.0073619
-0.0186285
0.0193090
0.0153905
0.0226216
0.0223784
0.0212277
0.0204683
0.0337571
-0.0032686
0.0069706
0.0201089
0.0074246
-0.0125232
0.0250716
0.0204617
0.0158847
0.0245469
0.0207103
0.0146611
0.0324874
0.0042113
0.0120732
0.0158973
0.0166521
-0.0035887
0.0146727
0.0319626
0.0118061
0.0202940
0.0104202
0.0252255
0.0249931
-0.0025043
0.0154478
0.0154653
0.0182694
0.0109923
-0.0044829
0.0238568
0.0278924
0.0306047
0.0249987
0.0271528
0.0021617
-0.0003716
0.0203484
0.0103861
0.0132161
0.0176239
0.0061756
-0.0041940
0.0035317
0.0078979
0.0038576
-0.0046205
-0.0076316
0.0084344
0.0161350
0.0053863
0.0041782
0.0120489
0.0159055
0.0123598
0.0011822
-0.0074715
-0.0105379
-0.0043385
0.0073288
0.0119965
0.0066228
-0.0000099
0.0013871
0.0071640
0.0115478
0.0123855
0.0122800
0.0093108
0.0125785
0.0099232
0.0061605
0.0005100
